8 3 4
9 5 2
9 6 5
10 0 3
10 2 5
13 5 1
13 6 2
13 9 5
14 0 2
14 3 2
15 0 3
16 14 1
17 1 3
17 6 3
17 9 3
17 13 3
18 15 4
19 1 1
19 7 1
20 8 5
20 16 4
20 18 3
21 18 5
22 17 2
24 14 3
24 15 5
24 18 2
25 17 3
26 1 1
26 25 1
27 1 3
27 7 4
27 17 2
27 25 3
27 26 2
28 1 5
28 8 2
28 20 2
29 10 4
29 18 3
29 21 5
29 24 4
30 7 4
30 19 3
30 28 1
31 17 5
32 9 1
32 13 1
33 12 1
33 14 4
33 16 1
33 21 1
34 14 3
34 33 2
35 29 4
36 1 2
36 20 3
36 23 3
37 8 3
37 14 2
37 16 1
37 21 2
37 33 3
37 34 3
37 36 4
38 14 3
38 16 5
38 20 3
38 33 2
39 36 2
40 0 4
40 7 3
40 14 2
40 15 4
40 33 1
40 36 2
40 37 5
41 1 1
41 9 3
41 13 2
42 0 2
42 2 3
42 10 3
42 30 5
43 14 2
43 29 5
43 33 3
43 37 4
43 38 5
44 2 1
44 20 5
44 34 2
44 38 1
45 8 1
45 15 5
45 18 2
45 21 2
45 23 3
45 24 1
45 29 3
45 37 1
46 43 3
47 0 4
47 10 3
47 20 5
47 28 2
47 30 3
47 42 1
49 34 1
49 46 4
50 14 5
50 16 3
50 20 2
50 33 5
50 42 2
50 45 2
51 4 1
51 11 1
51 18 5
51 21 3
51 23 5
51 24 5
51 29 2
51 45 5
51 50 4
52 14 1
52 29 3
52 38 5
52 40 1
53 43 4
54 1 5
54 6 4
54 7 4
54 13 2
54 19 1
54 41 1
55 15 2
55 51 4
56 5 2
56 6 4
57 5 3
57 6 3
57 9 2
57 13 4
57 17 5
57 39 3
57 41 1
57 48 5
57 54 3
58 38 4
59 3 4
59 8 2
59 15 5
59 36 1
59 45 1
60 32 2
61 2 1
61 37 3
61 53 3
